1000 20 0.000 21 0.016 23 0.000 
2000 23 0.016 25 0.000 23 0.031 
3000 24 0.016 29 0.016 25 0.047 
4000 31 0.031 28 0.016 29 0.078 
5000 28 0.031 28 0.031 33 0.094 
6000 29 0.047 28 0.031 31 0.109 
7000 29 0.047 26 0.047 32 0.172 
8000 30 0.047 31 0.062 27 0.187 
9000 30 0.062 30 0.062 29 0.234 
10000 30 0.094 32 0.078 33 0.265 
11000 31 0.094 30 0.094 30 0.281 
12000 33 0.062 40 0.094 32 0.343 
13000 35 0.109 32 0.109 32 0.406 
14000 31 0.140 33 0.140 33 0.452 
15000 31 0.140 36 0.156 31 0.499 
16000 31 0.140 35 0.156 32 0.530 
17000 34 0.172 39 0.172 33 0.577 
18000 33 0.172 33 0.187 35 0.608 
19000 34 0.218 33 0.203 36 0.780 
20000 32 0.218 37 0.234 38 0.733 
21000 36 0.234 34 0.296 34 0.889 
22000 38 0.265 34 0.234 35 0.936 
23000 34 0.265 39 0.265 33 0.967 
24000 38 0.343 34 0.281 36 1.061 
25000 35 0.312 36 0.343 32 1.123 
26000 36 0.328 36 0.296 40 1.154 
27000 34 0.359 35 0.328 35 1.108 
28000 36 0.359 40 0.374 37 1.232 
29000 33 0.374 34 0.359 39 1.310 
30000 33 0.390 34 0.390 35 1.342 
31000 38 0.421 38 0.406 36 1.388 
32000 38 0.437 35 0.437 36 1.404 
33000 33 0.484 35 0.468 37 1.544 
34000 39 0.499 38 0.530 35 1.529 
35000 34 0.499 34 0.515 39 1.638 
36000 37 0.515 37 0.577 34 1.716 
37000 34 0.562 34 0.515 34 1.825 
38000 36 0.624 36 0.546 33 1.810 
39000 38 0.562 36 0.624 37 1.950 
40000 39 0.640 37 0.640 36 2.012 
41000 36 0.640 37 0.671 37 2.059 
42000 38 0.718 37 0.655 36 2.184 
43000 39 0.702 36 0.655 36 2.200 
44000 36 0.702 41 0.749 37 2.293 
45000 36 0.733 38 0.733 35 2.340 
46000 38 0.796 41 0.718 36 2.449 
47000 39 0.874 35 0.811 36 2.512 
48000 45 0.920 38 0.858 36 2.621 
49000 38 0.920 40 0.858 37 2.621 
50000 38 0.905 40 0.936 37 2.870 
